0.000000000000000000e+00 1.993161452503123598e+02 3.410958295052462859e+02 3.325559142964830244e+02 3.182277626820877572e+02 3.259756305514345058e+02 2.951080032828310209e+02 3.014603628834636311e+02 3.197865839551779459e+02 3.224290652810199731e+02 3.151539374781829679e+02 3.093862569435165710e+02 2.823596036119873816e+02 2.883716775077238026e+02 3.360479858275178913e+02 3.413761606202406256e+02 3.248026759405272514e+02 3.166438731673148936e+02 3.087684067004231565e+02 3.074950454947664298e+02 3.555762368199858656e+02 3.371287305918151560e+02 3.107642304473525314e+02 3.054292068722935483e+02 3.697446598327480842e+02 3.312919563599922412e+02 3.310219545675881250e+02 3.571977616896113545e+02 3.252301723842422234e+02 3.366408085081365584e+02 3.525595464505900622e+02 3.693881960279655914e+02 3.020188284558744272e+02 3.009296073722503024e+02 3.623420261521978318e+02 3.278235262630278726e+02 3.725498184239602324e+02 3.785359612395206454e+02 3.442128362047040468e+02 3.457158183964942282e+02 3.599912715998531212e+02 3.762708508727915842e+02 3.766084904411974890e+02 3.669491516771847728e+02
1.993161452503123598e+02 0.000000000000000000e+00 3.228152148402047601e+02 3.118187550102260275e+02 2.938941729492881336e+02 3.025777365412956215e+02 2.801739718862079940e+02 2.964915185233804777e+02 3.240553690556484412e+02 3.215635903504144721e+02 2.913110509028873025e+02 2.889403980791961430e+02 2.570845147928723691e+02 2.641056695800303942e+02 3.277431662144022653e+02 3.342479413658357998e+02 3.139530194087687391e+02 3.019756509966860563e+02 3.044398590077700533e+02 2.975299862527014625e+02 3.486847799933947272e+02 3.249764147286455227e+02 2.894482268521466040e+02 2.830858892835834126e+02 3.585430119210939779e+02 3.297097334769055124e+02 3.345088274858982231e+02 3.441000305094902387e+02 3.112285856065666394e+02 2.986265387365129982e+02 3.369893578772858973e+02 3.660063918063773940e+02 2.887923800753139858e+02 2.885446812559175100e+02 3.503686549600391231e+02 3.200207910002118297e+02 3.422638689876803255e+02 3.580786322770036350e+02 3.300118553760921145e+02 3.307788563563478874e+02 3.264651061524546662e+02 3.511944069755381292e+02 3.789712555032782575e+02 3.774960755460446649e+02
3.410958295052462859e+02 3.228152148402047601e+02 0.000000000000000000e+00 1.841426760748381071e+02 3.280577361830856944e+02 3.288837684321715074e+02 2.839038139154485521e+02 2.835830224484022324e+02 3.046732141540725252e+02 3.056861524948170654e+02 3.065417376257933597e+02 2.962372567538031376e+02 3.309922114156891553e+02 3.318009734359167169e+02 3.232731631852361147e+02 3.124309692814854884e+02 2.994284853523034258e+02 2.969965531664543050e+02 3.384472050528314071e+02 3.505358800616102144e+02 3.150475565479969760e+02 3.176762826075406565e+02 3.722222661194990110e+02 3.348359519166147038e+02 3.181438767495013735e+02 3.201777620983142469e+02 3.381759734938546558e+02 3.564560752539782129e+02 3.363651563106913045e+02 3.305108554659085485e+02 3.431124612497806652e+02 3.622577188283385681e+02 3.370369762508206009e+02 3.368483015498501345e+02 3.733375688261695586e+02 3.455147135268941838e+02 3.685717650372395156e+02 3.765100699768030950e+02 3.401483993658999339e+02 3.225749749231269448e+02 4.002578496527058292e+02 3.768709273975404699e+02 3.283371825536198685e+02 3.516384531279256294e+02
3.325559142964830244e+02 3.118187550102260275e+02 1.841426760748381071e+02 0.000000000000000000e+00 3.101940059439068023e+02 3.094471963667078853e+02 2.942827738836114690e+02 2.853570605971814302e+02 3.119931982155144397e+02 3.104852901310038646e+02 2.924485265373388074e+02 2.786843310242997518e+02 3.262341777477444680e+02 3.300338270634033506e+02 3.156252567053380176e+02 3.054411351050023313e+02 3.046808495920244582e+02 2.979491744817268000e+02 3.410963385709586646e+02 3.491416634829770942e+02 3.081471961130671957e+02 3.084251432571336409e+02 3.750607845524095865e+02 3.349439097262427936e+02 3.284270308587197746e+02 3.261449226758820714e+02 3.341871998170087181e+02 3.561105524898489421e+02 3.378403013350632591e+02 3.290628001231185635e+02 3.528505495258376072e+02 3.725721474841878944e+02 3.400504301815232111e+02 3.447318240863173742e+02 3.700512169645314202e+02 3.347824423808876872e+02 3.782697315950312031e+02 3.842609887910771818e+02 3.426529317304041342e+02 3.227436159573005625e+02 3.876752580318703281e+02 3.787804235767231376e+02 3.368838674871660146e+02 3.430545759038702727e+02
3.182277626820877572e+02 2.938941729492881336e+02 3.280577361830856944e+02 3.101940059439068023e+02 0.000000000000000000e+00 1.725131179715043572e+02 3.014582821582338852e+02 3.149700606822377722e+02 3.278763014502603710e+02 3.234541708603763936e+02 2.910946885670332449e+02 2.834229300889992942e+02 2.770492139519332113e+02 2.767260160173308918e+02 3.371285776578001787e+02 3.383839602635459300e+02 2.993748553121313307e+02 3.038102267459516383e+02 3.266612325073382976e+02 3.218107239162814608e+02 2.644572216186679725e+02 2.549325364204306084e+02 3.600643731804884737e+02 3.436171988365900916e+02 3.571319991653750208e+02 3.339230337749288537e+02 3.257448590125891883e+02 3.211626457986752143e+02 3.331978387385287874e+02 3.187497073185602972e+02 3.413476505693861895e+02 3.746289707084932843e+02 3.183529115174438289e+02 3.169572825436704875e+02 3.714729962670909345e+02 3.358752608856627262e+02 3.690872301558799791e+02 3.674153456728834044e+02 3.069227452698048637e+02 3.100798146447871204e+02 3.430441077656697644e+02 3.828459874230815672e+02 3.601468210312303313e+02 3.624426978936004389e+02
3.259756305514345058e+02 3.025777365412956215e+02 3.288837684321715074e+02 3.094471963667078853e+02 1.725131179715043572e+02 0.000000000000000000e+00 3.033890706286410364e+02 3.234266790326290675e+02 3.264543054409996898e+02 3.242853972352007759e+02 2.919192717581798320e+02 2.770218199674276889e+02 2.760659330386063175e+02 2.840545424880768337e+02 3.377736382368875070e+02 3.399025150640354127e+02 2.981267722718813502e+02 2.988425674465073598e+02 3.218545509557806668e+02 3.159640840210826127e+02 2.457875966470569438e+02 2.354666774625311803e+02 3.670937086349501897e+02 3.497094694096168155e+02 3.660857888679929601e+02 3.456252503653576014e+02 3.289754119730216644e+02 3.258520877445805581e+02 3.429907662845732830e+02 3.279811679807757514e+02 3.593854621911428353e+02 3.849876748261128228e+02 3.293411255606984582e+02 3.332576895260416450e+02 3.711072712010270038e+02 3.317709186287344778e+02 3.727284986333295933e+02 3.835704740791911149e+02 3.189644091182307761e+02 3.130677348192650129e+02 3.531522259228973439e+02 3.893122446665714733e+02 3.656101341803504283e+02 3.724358826400571729e+02
2.951080032828310209e+02 2.801739718862079940e+02 2.839038139154485521e+02 2.942827738836114690e+02 3.014582821582338852e+02 3.033890706286410364e+02 0.000000000000000000e+00 1.966729091278027681e+02 2.762903007096414285e+02 2.794420450656322146e+02 2.965308651949700334e+02 2.937564288781773030e+02 3.000927434291060649e+02 3.038408365428947491e+02 3.004986593555656782e+02 3.102725446970582652e+02 2.929493099467836146e+02 2.880742385384049271e+02 2.799806076624255979e+02 2.796385658393164704e+02 3.403523633147150917e+02 3.277073576365351073e+02 3.319003756706854347e+02 3.097862616644101195e+02 3.340606681244561855e+02 3.083272835519416049e+02 3.176983313644470286e+02 3.349186053485177013e+02 2.777242939969459030e+02 2.619617866466095393e+02 2.836106580657411200e+02 3.083806678830450210e+02 3.156145427437193121e+02 3.067610043551273975e+02 3.495572099164528481e+02 3.300835079605361102e+02 3.249750115080628916e+02 3.487993471272214947e+02 3.037425096196309369e+02 3.082553385723243196e+02 3.106014136673970256e+02 3.440161240701820020e+02 3.276343761581902641e+02 3.388105992472884509e+02
3.014603628834636311e+02 2.964915185233804777e+02 2.835830224484022324e+02 2.853570605971814302e+02 3.149700606822377722e+02 3.234266790326290675e+02 1.966729091278027681e+02 0.000000000000000000e+00 2.940064430052366333e+02 2.801180960197322634e+02 2.924387005608389245e+02 2.923630543484262034e+02 3.027379924415559458e+02 3.058608449614522442e+02 3.023471707906601296e+02 3.018046257464476412e+02 2.967094167615665583e+02 2.947835788367244163e+02 2.952937282154687182e+02 2.917520761107948033e+02 3.389274290292296996e+02 3.375939581937041112e+02 3.424912991080327060e+02 3.185430287925861421e+02 3.209081482203665701e+02 3.010855960132377049e+02 3.275380646168848102e+02 3.567839948290159100e+02 2.952901160713820445e+02 2.713468068866535532e+02 2.968590917627379895e+02 3.237467216097565483e+02 3.108451405452915992e+02 3.047146674552942045e+02 3.650649559182694475e+02 3.342625632786200072e+02 3.190040309442185844e+02 3.376808432924850081e+02 3.036709529586360077e+02 2.875103682838050076e+02 3.265077651946739934e+02 3.503322822727125185e+02 3.329806441349543320e+02 3.406867990864782882e+02
3.197865839551779459e+02 3.240553690556484412e+02 3.046732141540725252e+02 3.119931982155144397e+02 3.278763014502603710e+02 3.264543054409996898e+02 2.762903007096414285e+02 2.940064430052366333e+02 0.000000000000000000e+00 1.891620440918899817e+02 3.258546709424617234e+02 3.228610462683780042e+02 3.043288277716793004e+02 3.045999070626413072e+02 3.189953535912353004e+02 3.243263169927873264e+02 3.018947525236389424e+02 2.882957967713383027e+02 3.373502808452400927e+02 3.297332214530391639e+02 3.246796993841933272e+02 3.194222896663284814e+02 3.698515083463685187e+02 3.517780540177603257e+02 3.745614695933218741e+02 3.505149614136851710e+02 3.403965423132421506e+02 3.634709995909370832e+02 3.450828080671757903e+02 3.307836746947712641e+02 2.873394584259482940e+02 2.848455222775523907e+02 3.523696378719278073e+02 3.491866189358656243e+02 3.608129937968867011e+02 3.323116926696988003e+02 3.391701067631040587e+02 3.553474948332880103e+02 3.253777163629907250e+02 3.188851382025413841e+02 3.611168278479088372e+02 3.948823776191896400e+02 3.449940263393329474e+02 3.646514500717183864e+02
3.224290652810199731e+02 3.215635903504144721e+02 3.056861524948170654e+02 3.104852901310038646e+02 3.234541708603763936e+02 3.242853972352007759e+02 2.794420450656322146e+02 2.801180960197322634e+02 1.891620440918899817e+02 0.000000000000000000e+00 3.190666213454567810e+02 3.180116400469667610e+02 3.042912439113259779e+02 3.049524241997535796e+02 3.240261141454238896e+02 3.342886730444865862e+02 3.166329105522065106e+02 3.017210434813833899e+02 3.425670689645723428e+02 3.245114300406668804e+02 3.069453876187453147e+02 3.039329667110160358e+02 3.639875592795072521e+02 3.500637250433499617e+02 3.556907488146143237e+02 3.535858321917604030e+02 3.401268927018639943e+02 3.725067042144723359e+02 3.391884006903034674e+02 3.315108832599887592e+02 2.908982111416262910e+02 2.853094289810897521e+02 3.454166893456392700e+02 3.427065642644060404e+02 3.643669578965211713e+02 3.253427430733082701e+02 3.396841174770068505e+02 3.480347370701418299e+02 3.360932858386738644e+02 3.223764841092275901e+02 3.651027752473347050e+02 3.954686782087810002e+02 3.361682304565787263e+02 3.561884497891639398e+02
3.151539374781829679e+02 2.913110509028873025e+02 3.065417376257933597e+02 2.924485265373388074e+02 2.910946885670332449e+02 2.919192717581798320e+02 2.965308651949700334e+02 2.924387005608389245e+02 3.258546709424617234e+02 3.190666213454567810e+02 0.000000000000000000e+00 1.706703375728476431e+02 2.813748368286460391e+02 2.807215512436836775e+02 3.101266181441180265e+02 3.048344265193870797e+02 2.888118040767789694e+02 2.927646067102328971e+02 3.269189865099880876e+02 3.368836466394554350e+02 3.425469511041094961e+02 3.379016975636648112e+02 3.482975399701513766e+02 3.297008356620401059e+02 3.473265156599840111e+02 3.352763450392830009e+02 3.482765597951471364e+02 3.621344008366617686e+02 3.162533746282638276e+02 3.060574455804426748e+02 3.403551516708888016e+02 3.766763113548628894e+02 2.977693034836819947e+02 2.932276031575327124e+02 3.500320156775509304e+02 3.315923432638216468e+02 3.353890912900340595e+02 3.506392747733563056e+02 2.984183006544029126e+02 2.889378584266419807e+02 3.642107013247672285e+02 3.897716916871681292e+02 3.698430079302506783e+02 3.907653677141782396e+02
3.093862569435165710e+02 2.889403980791961430e+02 2.962372567538031376e+02 2.786843310242997518e+02 2.834229300889992942e+02 2.770218199674276889e+02 2.937564288781773030e+02 2.923630543484262034e+02 3.228610462683780042e+02 3.180116400469667610e+02 1.706703375728476431e+02 0.000000000000000000e+00 2.751517457097413057e+02 2.795889633300093919e+02 3.107126983824377930e+02 3.063005728662513434e+02 2.908500869302232559e+02 2.846209733676283236e+02 3.224477845309176587e+02 3.349337130734059542e+02 3.402166953431358252e+02 3.374364519536005105e+02 3.386135558364264853e+02 3.206338126443828855e+02 3.404236141796081938e+02 3.235370315026793833e+02 3.369804006014067568e+02 3.444045977163915495e+02 3.070227332775592686e+02 2.986134982055281171e+02 3.440441695994229576e+02 3.726983399513933932e+02 2.914871638311776678e+02 2.816418689180583783e+02 3.513739578792829548e+02 3.316791741305605115e+02 3.381167535833810689e+02 3.617992087579680742e+02 2.967853802291824081e+02 2.906028886672939961e+02 3.557741208950290570e+02 3.781374855681917211e+02 3.599981752695261434e+02 3.816747709223791958e+02
2.823596036119873816e+02 2.570845147928723691e+02 3.309922114156891553e+02 3.262341777477444680e+02 2.770492139519332113e+02 2.760659330386063175e+02 3.000927434291060649e+02 3.027379924415559458e+02 3.043288277716793004e+02 3.042912439113259779e+02 2.813748368286460391e+02 2.751517457097413057e+02 0.000000000000000000e+00 1.784319048889014709e+02 3.021486087596895800e+02 3.047726069380190665e+02 2.889254811448912506e+02 2.856533767329200941e+02 3.160245020549357378e+02 3.180058415268190970e+02 3.063268567804261124e+02 2.875240644516141515e+02 3.501603946463170018e+02 3.273014579900212198e+02 3.501601112794747337e+02 3.268388088464714087e+02 3.211079533807327380e+02 3.501215930721122618e+02 3.348401024274702991e+02 3.239291985724746610e+02 3.415717347572717699e+02 3.713383177648743185e+02 2.957794583365264316e+02 2.954375205603235486e+02 3.192216393119396685e+02 2.903907066107066157e+02 3.326672849620922534e+02 3.511351771555433743e+02 3.091305977539909691e+02 3.085147371756445409e+02 3.678629003654500593e+02 3.702886379316240664e+02 3.667433627657922557e+02 3.763501623453298635e+02
2.883716775077238026e+02 2.641056695800303942e+02 3.318009734359167169e+02 3.300338270634033506e+02 2.767260160173308918e+02 2.840545424880768337e+02 3.038408365428947491e+02 3.058608449614522442e+02 3.045999070626413072e+02 3.049524241997535796e+02 2.807215512436836775e+02 2.795889633300093919e+02 1.784319048889014709e+02 0.000000000000000000e+00 3.093188885152335388e+02 3.151141696498405622e+02 2.969380840840905762e+02 2.938225650671217295e+02 3.221595532708781207e+02 3.140091481724912228e+02 3.084457650236150243e+02 2.790154022755489223e+02 3.576073902044436750e+02 3.300398203435489677e+02 3.574857255357644021e+02 3.361508473729377897e+02 3.337455733908039406e+02 3.509559687882612593e+02 3.369968042151052146e+02 3.294631753658807725e+02 3.461833502212530220e+02 3.762344835576685682e+02 3.104205410973336825e+02 3.061283095376912797e+02 3.321971017414909966e+02 3.049352011201489745e+02 3.404914879215395445e+02 3.583978237803171965e+02 3.146941286255706700e+02 3.100913939068649938e+02 3.713324617966276264e+02 3.794765891373814952e+02 3.700181584190206081e+02 3.840384349183473773e+02
3.360479858275178913e+02 3.277431662144022653e+02 3.232731631852361147e+02 3.156252567053380176e+02 3.371285776578001787e+02 3.377736382368875070e+02 3.004986593555656782e+02 3.023471707906601296e+02 3.189953535912353004e+02 3.240261141454238896e+02 3.101266181441180265e+02 3.107126983824377930e+02 3.021486087596895800e+02 3.093188885152335388e+02 0.000000000000000000e+00 1.970148202437836744e+02 2.668176890715128025e+02 2.597526705364616078e+02 2.951309517343906350e+02 3.063360713214097473e+02 3.518692605252305725e+02 3.413535646377522994e+02 4.105143039727228711e+02 3.948218674952757965e+02 3.458930573835925770e+02 3.410190762981918624e+02 3.585922164188713168e+02 3.859630392778199734e+02 3.372213416843922573e+02 3.174377890167590408e+02 3.351923884932537021e+02 3.635573161727338629e+02 3.623139031932626040e+02 3.600299506024530842e+02 3.572056827726685810e+02 3.368060162909717405e+02 2.804939897213942004e+02 2.852098010878119112e+02 3.082943981621971261e+02 3.153324042027088012e+02 3.687446313691867203e+02 3.357997972276070868e+02 3.863473468213902038e+02 3.898781153255880554e+02
3.413761606202406256e+02 3.342479413658357998e+02 3.124309692814854884e+02 3.054411351050023313e+02 3.383839602635459300e+02 3.399025150640354127e+02 3.102725446970582652e+02 3.018046257464476412e+02 3.243263169927873264e+02 3.342886730444865862e+02 3.048344265193870797e+02 3.063005728662513434e+02 3.047726069380190665e+02 3.151141696498405622e+02 1.970148202437836744e+02 0.000000000000000000e+00 2.821788465363937917e+02 2.788848461237909078e+02 3.013800416688168298e+02 3.092413155893635235e+02 3.482987860963182243e+02 3.497775909891792594e+02 4.124386518000009119e+02 3.887340232839223972e+02 3.447942529931231093e+02 3.361454532535155977e+02 3.666580977743004155e+02 3.898191868333065031e+02 3.351930000625963544e+02 3.171558472325895650e+02 3.406768398466288090e+02 3.615269192806966885e+02 3.600537454414223362e+02 3.610830973108856483e+02 3.604107409342042274e+02 3.422705251923546257e+02 2.807202995071112923e+02 2.848254750875286732e+02 3.050529680502754104e+02 3.094668642903890259e+02 3.760460314465168494e+02 3.351374659150511093e+02 3.895660017616124833e+02 3.955344840283395911e+02
3.248026759405272514e+02 3.139530194087687391e+02 2.994284853523034258e+02 3.046808495920244582e+02 2.993748553121313307e+02 2.981267722718813502e+02 2.929493099467836146e+02 2.967094167615665583e+02 3.018947525236389424e+02 3.166329105522065106e+02 2.888118040767789694e+02 2.908500869302232559e+02 2.889254811448912506e+02 2.969380840840905762e+02 2.668176890715128025e+02 2.821788465363937917e+02 0.000000000000000000e+00 1.804740035198385328e+02 3.395476283979052141e+02 3.428066448860919877e+02 3.075332784330069558e+02 3.106625833570011537e+02 3.872386170344457241e+02 3.522103319951178264e+02 3.524481655930583770e+02 3.194716220717263013e+02 3.684933673302095372e+02 3.813971509336737995e+02 3.246643733907655474e+02 3.049049750264635463e+02 3.405897706638782552e+02 3.566781536291692873e+02 3.294721930505522209e+02 3.245337121171422723e+02 3.750063502099555421e+02 3.436467036279551053e+02 3.382354981206855200e+02 3.604276193340848522e+02 3.072018876710483255e+02 3.005680785022709074e+02 3.675397895635072700e+02 3.915188578373073369e+02 3.772908863940015181e+02 3.951403177303241705e+02
3.166438731673148936e+02 3.019756509966860563e+02 2.969965531664543050e+02 2.979491744817268000e+02 3.038102267459516383e+02 2.988425674465073598e+02 2.880742385384049271e+02 2.947835788367244163e+02 2.882957967713383027e+02 3.017210434813833899e+02 2.927646067102328971e+02 2.846209733676283236e+02 2.856533767329200941e+02 2.938225650671217295e+02 2.597526705364616078e+02 2.788848461237909078e+02 1.804740035198385328e+02 0.000000000000000000e+00 3.266123401509807991e+02 3.317644733201841518e+02 3.142509111552128616e+02 3.116301780255602125e+02 3.741206575180802361e+02 3.416930718267076372e+02 3.442090786654570707e+02 3.204098628447541728e+02 3.583485732590496582e+02 3.826851402461071530e+02 3.253048761289300614e+02 3.063828103336431354e+02 3.342550330313077893e+02 3.492789304758121602e+02 3.306895177703549962e+02 3.249835912654489221e+02 3.670388870845316092e+02 3.374450940321441976e+02 3.340593924925432248e+02 3.575202941343752627e+02 3.038014793982696347e+02 2.990047471705408384e+02 3.601938604975619000e+02 3.832295362325987185e+02 3.713789446567353139e+02 3.849232683176783212e+02
3.087684067004231565e+02 3.044398590077700533e+02 3.384472050528314071e+02 3.410963385709586646e+02 3.266612325073382976e+02 3.218545509557806668e+02 2.799806076624255979e+02 2.952937282154687182e+02 3.373502808452400927e+02 3.425670689645723428e+02 3.269189865099880876e+02 3.224477845309176587e+02 3.160245020549357378e+02 3.221595532708781207e+02 2.951309517343906350e+02 3.013800416688168298e+02 3.395476283979052141e+02 3.266123401509807991e+02 0.000000000000000000e+00 1.951503446671071060e+02 3.502087390250415524e+02 3.351088529728261278e+02 3.991476729679503705e+02 3.751691345959108617e+02 3.682447776684975338e+02 3.357415234054002440e+02 3.661226686759084146e+02 3.777935711243450214e+02 3.360810028825541735e+02 3.200044590402213203e+02 3.361993780630907054e+02 3.686700723346772293e+02 3.563492643872795611e+02 3.528504117227998336e+02 3.946474450685082047e+02 3.716476740307571163e+02 3.315030260704203329e+02 3.395480678739830864e+02 3.314420839979285347e+02 3.510564908076293591e+02 3.021798898181606887e+02 2.868484384922687696e+02 3.883064311386121972e+02 3.916656986725741376e+02
3.074950454947664298e+02 2.975299862527014625e+02 3.505358800616102144e+02 3.491416634829770942e+02 3.218107239162814608e+02 3.159640840210826127e+02 2.796385658393164704e+02 2.917520761107948033e+02 3.297332214530391639e+02 3.245114300406668804e+02 3.368836466394554350e+02 3.349337130734059542e+02 3.180058415268190970e+02 3.140091481724912228e+02 3.063360713214097473e+02 3.092413155893635235e+02 3.428066448860919877e+02 3.317644733201841518e+02 1.951503446671071060e+02 0.000000000000000000e+00 3.573482275899696674e+02 3.282972512108499927e+02 3.950732136276794790e+02 3.665540024032312658e+02 3.662060580827904346e+02 3.439879731567636441e+02 3.715270444104334615e+02 3.875229190915524100e+02 3.308876264157242417e+02 3.099835218498063227e+02 3.221590209600515777e+02 3.478368458216331760e+02 3.631806428528343531e+02 3.616439800538332747e+02 4.005221654766408506e+02 3.678415243696425705e+02 3.298020275250569853e+02 3.374039749235554382e+02 3.362097887397013096e+02 3.477121711395910211e+02 3.079204318239287090e+02 3.147617003856354927e+02 3.907425993964151303e+02 3.908591170909704147e+02
3.555762368199858656e+02 3.486847799933947272e+02 3.150475565479969760e+02 3.081471961130671957e+02 2.644572216186679725e+02 2.457875966470569438e+02 3.403523633147150917e+02 3.389274290292296996e+02 3.246796993841933272e+02 3.069453876187453147e+02 3.425469511041094961e+02 3.402166953431358252e+02 3.063268567804261124e+02 3.084457650236150243e+02 3.518692605252305725e+02 3.482987860963182243e+02 3.075332784330069558e+02 3.142509111552128616e+02 3.502087390250415524e+02 3.573482275899696674e+02 0.000000000000000000e+00 1.998503161447619618e+02 4.167030241035429299e+02 3.769926879501064718e+02 3.820792486653903097e+02 3.810097407640685674e+02 3.800069393793994550e+02 3.937298426599481331e+02 3.839627589299095689e+02 3.781261766323366373e+02 3.904770180690743473e+02 3.946197334365897973e+02 3.756208912659063230e+02 3.793063788908982588e+02 3.979034353040098040e+02 3.517553863560177660e+02 3.918766930976046297e+02 3.944530200121533881e+02 3.396570875875178785e+02 3.362380212053062110e+02 3.843897026149589919e+02 4.214084589212085348e+02 3.916390159822545911e+02 3.916164117431273439e+02
3.371287305918151560e+02 3.249764147286455227e+02 3.176762826075406565e+02 3.084251432571336409e+02 2.549325364204306084e+02 2.354666774625311803e+02 3.277073576365351073e+02 3.375939581937041112e+02 3.194222896663284814e+02 3.039329667110160358e+02 3.379016975636648112e+02 3.374364519536005105e+02 2.875240644516141515e+02 2.790154022755489223e+02 3.413535646377522994e+02 3.497775909891792594e+02 3.106625833570011537e+02 3.116301780255602125e+02 3.351088529728261278e+02 3.282972512108499927e+02 1.998503161447619618e+02 0.000000000000000000e+00 3.918469890558985753e+02 3.539102653084795520e+02 3.799231457676688706e+02 3.667626117252989388e+02 3.564377496890285784e+02 3.610299823325587454e+02 3.708809312970240626e+02 3.623259597297707160e+02 3.684410657415141372e+02 3.844303211867223240e+02 3.647288049726718668e+02 3.663055739197065463e+02 3.733357252297254831e+02 3.246965533697224373e+02 3.977652515231500843e+02 4.106321520192854564e+02 3.484985484607311150e+02 3.422276742960126512e+02 3.704461629211432978e+02 4.107116404768758002e+02 3.735748937017463618e+02 3.687133480961680334e+02
3.107642304473525314e+02 2.894482268521466040e+02 3.722222661194990110e+02 3.750607845524095865e+02 3.600643731804884737e+02 3.670937086349501897e+02 3.319003756706854347e+02 3.424912991080327060e+02 3.698515083463685187e+02 3.639875592795072521e+02 3.482975399701513766e+02 3.386135558364264853e+02 3.501603946463170018e+02 3.576073902044436750e+02 4.105143039727228711e+02 4.124386518000009119e+02 3.872386170344457241e+02 3.741206575180802361e+02 3.991476729679503705e+02 3.950732136276794790e+02 4.167030241035429299e+02 3.918469890558985753e+02 0.000000000000000000e+00 2.007551096085126687e+02 3.865980516441534292e+02 3.694737543467959426e+02 3.241537423247861511e+02 3.399995805552935622e+02 3.465161843627658982e+02 3.181118096688190917e+02 3.498398319472631215e+02 3.942862431874314098e+02 2.913114862762537314e+02 2.699283529301644080e+02 3.327925498929928381e+02 3.282872058696840440e+02 3.730501399419133008e+02 4.083646774842771947e+02 3.643743706963275599e+02 3.460895863803453949e+02 3.623650008655494617e+02 3.958713270703998433e+02 3.785098647142893924e+02 3.812268667834670737e+02
3.054292068722935483e+02 2.830858892835834126e+02 3.348359519166147038e+02 3.349439097262427936e+02 3.436171988365900916e+02 3.497094694096168155e+02 3.097862616644101195e+02 3.185430287925861421e+02 3.517780540177603257e+02 3.500637250433499617e+02 3.297008356620401059e+02 3.206338126443828855e+02 3.273014579900212198e+02 3.300398203435489677e+02 3.948218674952757965e+02 3.887340232839223972e+02 3.522103319951178264e+02 3.416930718267076372e+02 3.751691345959108617e+02 3.665540024032312658e+02 3.769926879501064718e+02 3.539102653084795520e+02 2.007551096085126687e+02 0.000000000000000000e+00 3.623638831157265940e+02 3.574705441284855851e+02 3.246654657856648782e+02 3.395215599678757599e+02 3.420071627448290883e+02 3.170683069117522450e+02 3.412859780388130844e+02 3.752038391153617454e+02 2.901166187951674829e+02 2.830128713625529713e+02 3.262101420779746377e+02 3.251110154721426397e+02 3.661143720897744060e+02 3.854010091568061398e+02 3.430735852995296113e+02 3.290784749494317794e+02 3.480372940740291483e+02 3.870669978251452221e+02 3.564069435605858303e+02 3.504741335401708966e+02
3.697446598327480842e+02 3.585430119210939779e+02 3.181438767495013735e+02 3.284270308587197746e+02 3.571319991653750208e+02 3.660857888679929601e+02 3.340606681244561855e+02 3.209081482203665701e+02 3.745614695933218741e+02 3.556907488146143237e+02 3.473265156599840111e+02 3.404236141796081938e+02 3.501601112794747337e+02 3.574857255357644021e+02 3.458930573835925770e+02 3.447942529931231093e+02 3.524481655930583770e+02 3.442090786654570707e+02 3.682447776684975338e+02 3.662060580827904346e+02 3.820792486653903097e+02 3.799231457676688706e+02 3.865980516441534292e+02 3.623638831157265940e+02 0.000000000000000000e+00 2.197029223723290841e+02 3.591760107376586006e+02 3.831068653918128462e+02 3.199977103582268683e+02 2.873175170719441098e+02 3.169374319299580520e+02 3.546233710873215159e+02 3.442523850758798289e+02 3.344565320362356147e+02 3.981110680628065666e+02 3.636265160566981649e+02 3.381561813190526209e+02 3.566461099360840876e+02 3.444744274479984938e+02 3.463329700655268653e+02 4.020718938900583908e+02 3.975952342722627577e+02 3.419686646654609490e+02 3.585801770037668916e+02
3.312919563599922412e+02 3.297097334769055124e+02 3.201777620983142469e+02 3.261449226758820714e+02 3.339230337749288537e+02 3.456252503653576014e+02 3.083272835519416049e+02 3.010855960132377049e+02 3.505149614136851710e+02 3.535858321917604030e+02 3.352763450392830009e+02 3.235370315026793833e+02 3.268388088464714087e+02 3.361508473729377897e+02 3.410190762981918624e+02 3.361454532535155977e+02 3.194716220717263013e+02 3.204098628447541728e+02 3.357415234054002440e+02 3.439879731567636441e+02 3.810097407640685674e+02 3.667626117252989388e+02 3.694737543467959426e+02 3.574705441284855851e+02 2.197029223723290841e+02 0.000000000000000000e+00 3.633687627745129589e+02 3.927898150912110964e+02 3.045056895120496279e+02 2.768851241503347751e+02 3.253653450898793835e+02 3.609589078404935094e+02 3.237997353839157881e+02 3.224864973515008728e+02 3.822513325379449611e+02 3.597334631663376285e+02 3.304110080293986584e+02 3.363747787088241239e+02 3.240466117060220199e+02 3.270516184241757855e+02 3.836129790148478378e+02 3.751432248372907452e+02 3.483638444181611362e+02 3.642629638422084781e+02
3.310219545675881250e+02 3.345088274858982231e+02 3.381759734938546558e+02 3.341871998170087181e+02 3.257448590125891883e+02 3.289754119730216644e+02 3.176983313644470286e+02 3.275380646168848102e+02 3.403965423132421506e+02 3.401268927018639943e+02 3.482765597951471364e+02 3.369804006014067568e+02 3.211079533807327380e+02 3.337455733908039406e+02 3.585922164188713168e+02 3.666580977743004155e+02 3.684933673302095372e+02 3.583485732590496582e+02 3.661226686759084146e+02 3.715270444104334615e+02 3.800069393793994550e+02 3.564377496890285784e+02 3.241537423247861511e+02 3.246654657856648782e+02 3.591760107376586006e+02 3.633687627745129589e+02 0.000000000000000000e+00 2.063167215886446400e+02 3.388178421432861569e+02 3.209503850224165262e+02 3.462023878255511704e+02 3.631491524570771503e+02 3.302145672670953900e+02 3.010718844399542604e+02 3.267929684936552803e+02 3.129724828800808609e+02 3.665586723428323808e+02 3.903457032611844397e+02 3.268649515727352082e+02 3.221869751531862107e+02 3.868166754715939533e+02 3.953005511584124747e+02 2.576110268391700515e+02 2.657657655493285347e+02
3.571977616896113545e+02 3.441000305094902387e+02 3.564560752539782129e+02 3.561105524898489421e+02 3.211626457986752143e+02 3.258520877445805581e+02 3.349186053485177013e+02 3.567839948290159100e+02 3.634709995909370832e+02 3.725067042144723359e+02 3.621344008366617686e+02 3.444045977163915495e+02 3.501215930721122618e+02 3.509559687882612593e+02 3.859630392778199734e+02 3.898191868333065031e+02 3.813971509336737995e+02 3.826851402461071530e+02 3.777935711243450214e+02 3.875229190915524100e+02 3.937298426599481331e+02 3.610299823325587454e+02 3.399995805552935622e+02 3.395215599678757599e+02 3.831068653918128462e+02 3.927898150912110964e+02 2.063167215886446400e+02 0.000000000000000000e+00 3.490520754468710152e+02 3.345609848961404964e+02 3.813385064833116189e+02 3.882282204335655820e+02 3.409190176836199271e+02 3.137202615698846557e+02 3.477034089924187583e+02 3.394367513301618260e+02 3.942915387995527112e+02 4.018663193974830392e+02 3.197302757020362947e+02 3.185285612479127053e+02 3.850806508756870699e+02 4.159551817524788362e+02 2.677105263592677602e+02 2.743713798504636543e+02
3.252301723842422234e+02 3.112285856065666394e+02 3.363651563106913045e+02 3.378403013350632591e+02 3.331978387385287874e+02 3.429907662845732830e+02 2.777242939969459030e+02 2.952901160713820445e+02 3.450828080671757903e+02 3.391884006903034674e+02 3.162533746282638276e+02 3.070227332775592686e+02 3.348401024274702991e+02 3.369968042151052146e+02 3.372213416843922573e+02 3.351930000625963544e+02 3.246643733907655474e+02 3.253048761289300614e+02 3.360810028825541735e+02 3.308876264157242417e+02 3.839627589299095689e+02 3.708809312970240626e+02 3.465161843627658982e+02 3.420071627448290883e+02 3.199977103582268683e+02 3.045056895120496279e+02 3.388178421432861569e+02 3.490520754468710152e+02 0.000000000000000000e+00 2.165340559276461363e+02 3.093338650314238407e+02 3.331669045960652511e+02 3.122170033914820806e+02 2.965906975841633653e+02 3.774250003192107670e+02 3.275527979020041016e+02 3.342876656953820316e+02 3.550862614221114768e+02 3.182523581161275956e+02 3.067769526281110757e+02 3.238850869739567315e+02 3.655176511405122710e+02 3.678095776373764352e+02 3.949381240457041145e+02
3.366408085081365584e+02 2.986265387365129982e+02 3.305108554659085485e+02 3.290628001231185635e+02 3.187497073185602972e+02 3.279811679807757514e+02 2.619617866466095393e+02 2.713468068866535532e+02 3.307836746947712641e+02 3.315108832599887592e+02 3.060574455804426748e+02 2.986134982055281171e+02 3.239291985724746610e+02 3.294631753658807725e+02 3.174377890167590408e+02 3.171558472325895650e+02 3.049049750264635463e+02 3.063828103336431354e+02 3.200044590402213203e+02 3.099835218498063227e+02 3.781261766323366373e+02 3.623259597297707160e+02 3.181118096688190917e+02 3.170683069117522450e+02 2.873175170719441098e+02 2.768851241503347751e+02 3.209503850224165262e+02 3.345609848961404964e+02 2.165340559276461363e+02 0.000000000000000000e+00 2.787879553333499985e+02 3.325031905084290997e+02 3.206682920809927282e+02 2.961320060135138306e+02 3.828784071314069593e+02 3.454564042243705444e+02 3.004978621839431980e+02 3.372951389645580775e+02 3.027730787725323580e+02 2.980683644556409035e+02 3.082828325837057832e+02 3.410055524124579165e+02 3.616611499607802784e+02 3.746637178540906348e+02
3.525595464505900622e+02 3.369893578772858973e+02 3.431124612497806652e+02 3.528505495258376072e+02 3.413476505693861895e+02 3.593854621911428353e+02 2.836106580657411200e+02 2.968590917627379895e+02 2.873394584259482940e+02 2.908982111416262910e+02 3.403551516708888016e+02 3.440441695994229576e+02 3.415717347572717699e+02 3.461833502212530220e+02 3.351923884932537021e+02 3.406768398466288090e+02 3.405897706638782552e+02 3.342550330313077893e+02 3.361993780630907054e+02 3.221590209600515777e+02 3.904770180690743473e+02 3.684410657415141372e+02 3.498398319472631215e+02 3.412859780388130844e+02 3.169374319299580520e+02 3.253653450898793835e+02 3.462023878255511704e+02 3.813385064833116189e+02 3.093338650314238407e+02 2.787879553333499985e+02 0.000000000000000000e+00 2.328911594265416625e+02 3.462870250146737021e+02 3.362791612149333673e+02 3.712939748159509463e+02 3.421979330582544776e+02 3.242545164481941811e+02 3.450768843184853836e+02 3.411148805179110468e+02 3.355760055643114583e+02 3.143847834730440809e+02 3.540755785176227732e+02 3.488916535391202842e+02 3.666660506235811567e+02
3.693881960279655914e+02 3.660063918063773940e+02 3.622577188283385681e+02 3.725721474841878944e+02 3.746289707084932843e+02 3.849876748261128228e+02 3.083806678830450210e+02 3.237467216097565483e+02 2.848455222775523907e+02 2.853094289810897521e+02 3.766763113548628894e+02 3.726983399513933932e+02 3.713383177648743185e+02 3.762344835576685682e+02 3.635573161727338629e+02 3.615269192806966885e+02 3.566781536291692873e+02 3.492789304758121602e+02 3.686700723346772293e+02 3.478368458216331760e+02 3.946197334365897973e+02 3.844303211867223240e+02 3.942862431874314098e+02 3.752038391153617454e+02 3.546233710873215159e+02 3.609589078404935094e+02 3.631491524570771503e+02 3.882282204335655820e+02 3.331669045960652511e+02 3.325031905084290997e+02 2.328911594265416625e+02 0.000000000000000000e+00 3.707573617592640858e+02 3.649478541453892149e+02 4.035212888081307483e+02 3.707130339995952113e+02 3.606457982149150325e+02 3.701171631685568286e+02 3.671288017103469770e+02 3.676078920804181394e+02 3.451121843928231669e+02 3.751713662076101627e+02 3.643682090642097364e+02 3.935102698499657663e+02
3.020188284558744272e+02 2.887923800753139858e+02 3.370369762508206009e+02 3.400504301815232111e+02 3.183529115174438289e+02 3.293411255606984582e+02 3.156145427437193121e+02 3.108451405452915992e+02 3.523696378719278073e+02 3.454166893456392700e+02 2.977693034836819947e+02 2.914871638311776678e+02 2.957794583365264316e+02 3.104205410973336825e+02 3.623139031932626040e+02 3.600537454414223362e+02 3.294721930505522209e+02 3.306895177703549962e+02 3.563492643872795611e+02 3.631806428528343531e+02 3.756208912659063230e+02 3.647288049726718668e+02 2.913114862762537314e+02 2.901166187951674829e+02 3.442523850758798289e+02 3.237997353839157881e+02 3.302145672670953900e+02 3.409190176836199271e+02 3.122170033914820806e+02 3.206682920809927282e+02 3.462870250146737021e+02 3.707573617592640858e+02 0.000000000000000000e+00 1.784901717664377827e+02 3.351312816673593602e+02 3.159773513891253174e+02 3.626331999265737522e+02 3.817400201651488487e+02 3.406314444758616560e+02 3.234327536977996829e+02 3.532681354409425012e+02 3.861425913810594466e+02 3.510908021529969005e+02 3.673651541652544097e+02
3.009296073722503024e+02 2.885446812559175100e+02 3.368483015498501345e+02 3.447318240863173742e+02 3.169572825436704875e+02 3.332576895260416450e+02 3.067610043551273975e+02 3.047146674552942045e+02 3.491866189358656243e+02 3.427065642644060404e+02 2.932276031575327124e+02 2.816418689180583783e+02 2.954375205603235486e+02 3.061283095376912797e+02 3.600299506024530842e+02 3.610830973108856483e+02 3.245337121171422723e+02 3.249835912654489221e+02 3.528504117227998336e+02 3.616439800538332747e+02 3.793063788908982588e+02 3.663055739197065463e+02 2.699283529301644080e+02 2.830128713625529713e+02 3.344565320362356147e+02 3.224864973515008728e+02 3.010718844399542604e+02 3.137202615698846557e+02 2.965906975841633653e+02 2.961320060135138306e+02 3.362791612149333673e+02 3.649478541453892149e+02 1.784901717664377827e+02 0.000000000000000000e+00 3.347520657146857843e+02 3.037928439737758026e+02 3.475415547147160282e+02 3.764205128274030585e+02 3.222100389727233392e+02 3.161461338746810839e+02 3.479826534391369819e+02 3.753123398208720687e+02 3.407726574456011690e+02 3.517442116404178023e+02
3.623420261521978318e+02 3.503686549600391231e+02 3.733375688261695586e+02 3.700512169645314202e+02 3.714729962670909345e+02 3.711072712010270038e+02 3.495572099164528481e+02 3.650649559182694475e+02 3.608129937968867011e+02 3.643669578965211713e+02 3.500320156775509304e+02 3.513739578792829548e+02 3.192216393119396685e+02 3.321971017414909966e+02 3.572056827726685810e+02 3.604107409342042274e+02 3.750063502099555421e+02 3.670388870845316092e+02 3.946474450685082047e+02 4.005221654766408506e+02 3.979034353040098040e+02 3.733357252297254831e+02 3.327925498929928381e+02 3.262101420779746377e+02 3.981110680628065666e+02 3.822513325379449611e+02 3.267929684936552803e+02 3.477034089924187583e+02 3.774250003192107670e+02 3.828784071314069593e+02 3.712939748159509463e+02 4.035212888081307483e+02 3.351312816673593602e+02 3.347520657146857843e+02 0.000000000000000000e+00 2.358176461376268946e+02 3.318497196179284288e+02 3.542776171103696470e+02 3.356211770621238202e+02 3.411591227673634990e+02 4.202143774422260094e+02 3.723291113163039086e+02 3.499264720991276931e+02 3.548118016535568700e+02
3.278235262630278726e+02 3.200207910002118297e+02 3.455147135268941838e+02 3.347824423808876872e+02 3.358752608856627262e+02 3.317709186287344778e+02 3.300835079605361102e+02 3.342625632786200072e+02 3.323116926696988003e+02 3.253427430733082701e+02 3.315923432638216468e+02 3.316791741305605115e+02 2.903907066107066157e+02 3.049352011201489745e+02 3.368060162909717405e+02 3.422705251923546257e+02 3.436467036279551053e+02 3.374450940321441976e+02 3.716476740307571163e+02 3.678415243696425705e+02 3.517553863560177660e+02 3.246965533697224373e+02 3.282872058696840440e+02 3.251110154721426397e+02 3.636265160566981649e+02 3.597334631663376285e+02 3.129724828800808609e+02 3.394367513301618260e+02 3.275527979020041016e+02 3.454564042243705444e+02 3.421979330582544776e+02 3.707130339995952113e+02 3.159773513891253174e+02 3.037928439737758026e+02 2.358176461376268946e+02 0.000000000000000000e+00 3.329340542983311479e+02 3.579839599240172561e+02 3.084968848764366953e+02 2.995455764599044528e+02 3.876618560231480615e+02 3.679961918710391728e+02 3.325794346343055850e+02 3.478421110549122659e+02
